acc = 0.8884723523898782
auc_roc = 0.8433274931778716
eval_loss = 0.43170200770392136
eval_loss_reg = 0.0
f1 = 0.564102564102564
global_step = 0
loss = None
precision = 0.5746268656716418
recall = 0.5539568345323741
