acc = 0.7454909819639278
auc_roc = 0.7931983077520489
eval_loss = 0.7227236544713378
eval_loss_reg = 0.0
f1 = 0.6751918158567775
global_step = 0
loss = None
precision = 0.7564469914040115
recall = 0.6096997690531177
