acc = 0.8772258669165885
auc_roc = 0.8513783800545769
eval_loss = 0.3525780875454931
eval_loss_reg = 0.0
f1 = 0.5676567656765676
global_step = 0
loss = None
precision = 0.524390243902439
recall = 0.6187050359712231
