acc = 0.7014028056112225
auc_roc = 0.7775470579819739
eval_loss = 0.8336763692495879
eval_loss_reg = 0.0
f1 = 0.6037234042553191
global_step = 0
loss = None
precision = 0.7115987460815048
recall = 0.5242494226327945
