acc = 0.887535145267104
auc_roc = 0.8536110766559166
eval_loss = 0.35321587850065794
eval_loss_reg = 0.0
f1 = 0.5683453237410072
global_step = 0
loss = None
precision = 0.5683453237410072
recall = 0.5683453237410072
