acc = 0.8940955951265229
auc_roc = 0.8611541801041925
eval_loss = 0.3466884492732146
eval_loss_reg = 0.0
f1 = 0.549800796812749
global_step = 0
loss = None
precision = 0.6160714285714286
recall = 0.49640287769784175
