acc = 0.8600725952813068
auc_roc = 0.7821828561596128
eval_loss = 0.3940725874349561
eval_loss_reg = 0.0
f1 = 0.38072289156626504
global_step = 0
loss = None
precision = 0.3220108695652174
recall = 0.4656188605108055
