acc = 0.7444889779559118
auc_roc = 0.8019191072778926
eval_loss = 0.7838143252301961
eval_loss_reg = 0.0
f1 = 0.6840148698884758
global_step = 0
loss = None
precision = 0.7379679144385026
recall = 0.6374133949191686
