acc = 0.8669165885660731
auc_roc = 0.8391838253535103
eval_loss = 0.4459349973236813
eval_loss_reg = 0.0
f1 = 0.5234899328859061
global_step = 0
loss = None
precision = 0.49056603773584906
recall = 0.5611510791366906
