acc = 0.9038642789820923
auc_roc = 0.8828133552271483
eval_loss = 0.4075521322871175
eval_loss_reg = 0.004290848283761252
f1 = 0.5526315789473685
global_step = 1800
loss = 0.0001578323909133171
precision = 0.5625
recall = 0.5431034482758621
