acc = 0.6880301602262017
auc_roc = 0.9066684911512497
eval_loss = 0.7943558088120293
eval_loss_reg = 0.004690277898670765
f1 = 0.39708561020036437
global_step = 200
loss = 0.08469425711776553
precision = 0.2517321016166282
recall = 0.9396551724137931
