acc = 0.8331762488218661
auc_roc = 0.898458310527276
eval_loss = 0.4162389870513888
eval_loss_reg = 0.0015524156438447125
f1 = 0.4957264957264957
global_step = 400
loss = 0.040862648347382464
precision = 0.3702127659574468
recall = 0.75
