acc = 0.9048067860508954
auc_roc = 0.882703886152162
eval_loss = 0.407741765053395
eval_loss_reg = 0.0028571611764917006
f1 = 0.5550660792951542
global_step = 2000
loss = 0.000335943808546273
precision = 0.5675675675675675
recall = 0.5431034482758621
