acc = 0.9132893496701225
auc_roc = 0.8689107827038861
eval_loss = 0.3784954698811121
eval_loss_reg = 0.0032171292887490225
f1 = 0.5855855855855856
global_step = 800
loss = 0.0011095040821236103
precision = 0.6132075471698113
recall = 0.5603448275862069
