acc = 0.9010367577756834
auc_roc = 0.8866447728516695
eval_loss = 0.42102719555773277
eval_loss_reg = 0.004075127531176887
f1 = 0.5748987854251013
global_step = 1200
loss = 0.00012176413729320196
precision = 0.5419847328244275
recall = 0.6120689655172413
