acc = 0.9048067860508954
auc_roc = 0.8875296478744754
eval_loss = 0.395869668764884
eval_loss_reg = 0.0035998926919593266
f1 = 0.5809128630705395
global_step = 1000
loss = 0.0020531811797989343
precision = 0.56
recall = 0.603448275862069
