acc = 0.9095193213949104
auc_roc = 0.8807243203794927
eval_loss = 0.4043892780866693
eval_loss_reg = 0.0029885003100577415
f1 = 0.5675675675675675
global_step = 1400
loss = 0.00034678867702103803
precision = 0.5943396226415094
recall = 0.5431034482758621
