acc = 0.8991517436380773
auc_roc = 0.8788724685276409
eval_loss = 0.33556359201012287
eval_loss_reg = 0.002597369439916014
f1 = 0.5596707818930041
global_step = 600
loss = 0.0008938179227211575
precision = 0.5354330708661418
recall = 0.5862068965517241
