acc = 0.9010367577756834
auc_roc = 0.8841634738186462
eval_loss = 0.41158650745637715
eval_loss_reg = 0.0028545207685359507
f1 = 0.5454545454545454
global_step = 1600
loss = 0.0005371710490726065
precision = 0.5478260869565217
recall = 0.5431034482758621
