acc = 0.718436873747495
auc_roc = 0.7812667334300721
eval_loss = 0.8648185525089502
eval_loss_reg = 0.0
f1 = 0.6491885143570537
global_step = 0
loss = None
precision = 0.7065217391304348
recall = 0.6004618937644342
