acc = 0.8781630740393627
auc_roc = 0.824601525676011
eval_loss = 0.4521717658704695
eval_loss_reg = 0.0
f1 = 0.5422535211267604
global_step = 0
loss = None
precision = 0.5310344827586206
recall = 0.5539568345323741
