acc = 0.8828491096532334
auc_roc = 0.8509597494418257
eval_loss = 0.3008580334922847
eval_loss_reg = 0.0
f1 = 0.5318352059925094
global_step = 0
loss = None
precision = 0.5546875
recall = 0.5107913669064749
