acc = 0.5883847549909256
auc_roc = 0.811318482865313
eval_loss = 0.7985478612039819
eval_loss_reg = 0.0
f1 = 0.28045685279187815
global_step = 0
loss = None
precision = 0.16723420355656451
recall = 0.8683693516699411
