acc = 0.8172413793103448
auc_roc = 0.79332718917906
eval_loss = 0.623829730328797
eval_loss_reg = 0.0
f1 = 0.37258566978193147
global_step = 0
loss = None
precision = 0.2728102189781022
recall = 0.587426326129666
