acc = 0.880037488284911
auc_roc = 0.8424320888117094
eval_loss = 0.49243519499021415
eval_loss_reg = 0.0
f1 = 0.564625850340136
global_step = 0
loss = None
precision = 0.535483870967742
recall = 0.5971223021582733
