acc = 0.652087114337568
auc_roc = 0.8246525547542751
eval_loss = 0.6502774418089431
eval_loss_reg = 0.0
f1 = 0.3121636167922498
global_step = 0
loss = None
precision = 0.19095697980684812
recall = 0.8546168958742633
