acc = 0.6973947895791583
auc_roc = 0.7709579186167712
eval_loss = 1.048635465791449
eval_loss_reg = 0.0
f1 = 0.5698005698005698
global_step = 0
loss = None
precision = 0.7434944237918215
recall = 0.4618937644341801
