acc = 0.8931583880037488
auc_roc = 0.8438895435375837
eval_loss = 0.4346931185710299
eval_loss_reg = 0.0
f1 = 0.583941605839416
global_step = 0
loss = None
precision = 0.5925925925925926
recall = 0.5755395683453237
