acc = 0.7324649298597194
auc_roc = 0.7999959124445626
eval_loss = 0.917039773252327
eval_loss_reg = 0.0
f1 = 0.6862514688601644
global_step = 0
loss = None
precision = 0.6985645933014354
recall = 0.674364896073903
