acc = 0.8744142455482662
auc_roc = 0.8406645373356486
eval_loss = 0.488773835110752
eval_loss_reg = 0.0
f1 = 0.5705128205128206
global_step = 0
loss = None
precision = 0.5144508670520231
recall = 0.6402877697841727
