acc = 0.9081537019681349
auc_roc = 0.8252992433639296
eval_loss = 0.41321534164907303
eval_loss_reg = 0.0
f1 = 0.5811965811965812
global_step = 0
loss = None
precision = 0.7157894736842105
recall = 0.4892086330935252
