acc = 0.6903807615230461
auc_roc = 0.7764597682356067
eval_loss = 1.236748442723183
eval_loss_reg = 0.0
f1 = 0.5238828967642527
global_step = 0
loss = None
precision = 0.7870370370370371
recall = 0.39260969976905313
