acc = 0.8809746954076851
auc_roc = 0.8504480898040189
eval_loss = 0.4654954485869145
eval_loss_reg = 0.0
f1 = 0.5543859649122806
global_step = 0
loss = None
precision = 0.541095890410959
recall = 0.5683453237410072
