acc = 0.7104208416833667
auc_roc = 0.7834862760326188
eval_loss = 0.9803450270555913
eval_loss_reg = 0.0
f1 = 0.6337135614702154
global_step = 0
loss = None
precision = 0.702247191011236
recall = 0.5773672055427251
