acc = 0.7978221415607986
auc_roc = 0.8268803999514438
eval_loss = 0.5336257211562526
eval_loss_reg = 0.0
f1 = 0.38316722037652273
global_step = 0
loss = None
precision = 0.26676946800308404
recall = 0.6797642436149313
