acc = 0.887535145267104
auc_roc = 0.8391993301910197
eval_loss = 0.42801089531413333
eval_loss_reg = 0.0
f1 = 0.5555555555555555
global_step = 0
loss = None
precision = 0.5725190839694656
recall = 0.539568345323741
