acc = 0.8706654170571696
auc_roc = 0.8528901017117341
eval_loss = 0.5019581993110478
eval_loss_reg = 0.0
f1 = 0.5490196078431372
global_step = 0
loss = None
precision = 0.5029940119760479
recall = 0.60431654676259
