acc = 0.7054108216432866
auc_roc = 0.7898996505140101
eval_loss = 0.9860662877908908
eval_loss_reg = 0.0
f1 = 0.6016260162601627
global_step = 0
loss = None
precision = 0.7278688524590164
recall = 0.5127020785219399
