acc = 0.8847235238987816
auc_roc = 0.8358580377077648
eval_loss = 0.46666074755108533
eval_loss_reg = 0.0
f1 = 0.528735632183908
global_step = 0
loss = None
precision = 0.5655737704918032
recall = 0.49640287769784175
