acc = 0.8856607310215557
auc_roc = 0.8509907591168445
eval_loss = 0.28925151202608557
eval_loss_reg = 0.0
f1 = 0.5611510791366906
global_step = 0
loss = None
precision = 0.5611510791366906
recall = 0.5611510791366906
